Matriz resultante:
0 1 4 9 16 25 36 49 64 81 
1 4 9 16 25 36 49 64 81 100 
4 9 16 25 36 49 64 81 100 121 
9 16 25 36 49 64 81 100 121 144 
16 25 36 49 64 81 100 121 144 169 
25 36 49 64 81 100 121 144 169 196 
36 49 64 81 100 121 144 169 196 225 
49 64 81 100 121 144 169 196 225 256 
8 9 10 11 12 13 14 15 16 17 
9 10 11 12 13 14 15 16 17 18 

N tamanho: 10
Tempo total: 2.3466e-05 segundos
Tempo MPI_Scatter: 1.0135e-05 segundos
Tempo computação sequencial: 1.68e-07 segundos
Tempo MPI_Gather: 1.2956e-05 segundos
