O valor máximo é: 19
Array normalizado:
0.157895 0.315789 0.894737 0.789474 0.684211 0.789474 0.315789 0.631579 0.473684 0.0526316 
0.105263 0.368421 0.526316 1 0.157895 0.315789 0 0.315789 0.631579 0.842105 
0.578947 0.421053 0.368421 0.473684 0.105263 0.526316 0.105263 0.157895 0.368421 0.789474 
0.473684 0.105263 0.105263 0.947368 0.473684 0.368421 0.684211 0.842105 0.578947 0.105263 
0.473684 0.684211 0.0526316 1 0.210526 0.894737 0.947368 0.210526 0.789474 0.526316 
0.684211 0.315789 0.578947 0 0.842105 0.684211 0.105263 0.526316 0.842105 0.0526316 
0.263158 0.263158 0.210526 0.368421 0.842105 0.263158 0.315789 0.473684 0.684211 0.894737 
0.210526 0.789474 0.105263 0.263158 0.736842 0.368421 0.736842 0.210526 0.157895 0.526316 
0.368421 0.421053 0.842105 0.947368 0.421053 0.210526 0.157895 0.578947 0.736842 1 
0.631579 0 0.842105 0.421053 1 0.631579 0.315789 0.315789 0.736842 1 
